0088880
0880088
0880088
0880088
0880088
0880088
0880088
0880088
0088880
0088800
0888800
0008800
0008800
0008800
0008800
0008800
0008800
0008800
0888800
0880088
0000088
0000088
0000880
0008800
0088000
0880000
0888888
0088880
0880088
0000088
0000088
0008880
0000088
0000088
0880088
0088880
0000880
0008880
0008880
0088880
0080880
0880880
0888888
0000880
0000880
0888888
0880000
0880000
0888880
0880088
0000088
0000088
0880088
0088880
0088880
0880088
0880000
0880000
0888880
0880088
0880088
0880088
0088880
0888888
0000088
0000880
0000880
0008800
0008800
0088000
0088000
0088000
0088880
0880088
0880088
0880088
0088880
0880088
0880088
0880088
0088880
0088880
0880088
0880088
0880088
0088888
0000088
0000088
0880088
0088880
0000000
0000000
0008800
0008800
0000000
0000000
0008800
0008800
0000000
